-2.950000000000000000e+03 0.000000000000000000e+00
-2.901000000000000000e+03 0.000000000000000000e+00
-2.851000000000000000e+03 0.000000000000000000e+00
-2.802000000000000000e+03 0.000000000000000000e+00
-2.753000000000000000e+03 0.000000000000000000e+00
-2.704000000000000000e+03 0.000000000000000000e+00
-2.655000000000000000e+03 0.000000000000000000e+00
-2.606000000000000000e+03 0.000000000000000000e+00
-2.556000000000000000e+03 0.000000000000000000e+00
-2.507000000000000000e+03 0.000000000000000000e+00
-2.458000000000000000e+03 0.000000000000000000e+00
-2.409000000000000000e+03 0.000000000000000000e+00
-2.360000000000000000e+03 0.000000000000000000e+00
-2.310000000000000000e+03 0.000000000000000000e+00
-2.261000000000000000e+03 0.000000000000000000e+00
-2.212000000000000000e+03 0.000000000000000000e+00
-2.163000000000000000e+03 0.000000000000000000e+00
-2.114000000000000000e+03 0.000000000000000000e+00
-2.065000000000000000e+03 0.000000000000000000e+00
-2.015000000000000000e+03 0.000000000000000000e+00
-1.966000000000000000e+03 0.000000000000000000e+00
-1.917000000000000000e+03 0.000000000000000000e+00
-1.868000000000000000e+03 0.000000000000000000e+00
-1.819000000000000000e+03 0.000000000000000000e+00
-1.770000000000000000e+03 0.000000000000000000e+00
-1.720000000000000000e+03 0.000000000000000000e+00
-1.671000000000000000e+03 0.000000000000000000e+00
-1.622000000000000000e+03 0.000000000000000000e+00
-1.573000000000000000e+03 0.000000000000000000e+00
-1.524000000000000000e+03 0.000000000000000000e+00
-1.475000000000000000e+03 0.000000000000000000e+00
-1.425000000000000000e+03 0.000000000000000000e+00
-1.376000000000000000e+03 0.000000000000000000e+00
-1.327000000000000000e+03 0.000000000000000000e+00
-1.278000000000000000e+03 0.000000000000000000e+00
-1.229000000000000000e+03 0.000000000000000000e+00
-1.180000000000000000e+03 0.000000000000000000e+00
-1.130000000000000000e+03 0.000000000000000000e+00
-1.081000000000000000e+03 0.000000000000000000e+00
-1.032000000000000000e+03 0.000000000000000000e+00
-9.830000000000000000e+02 0.000000000000000000e+00
-9.340000000000000000e+02 0.000000000000000000e+00
-8.850000000000000000e+02 0.000000000000000000e+00
-8.350000000000000000e+02 0.000000000000000000e+00
-7.860000000000000000e+02 0.000000000000000000e+00
-7.370000000000000000e+02 0.000000000000000000e+00
-6.880000000000000000e+02 0.000000000000000000e+00
-6.390000000000000000e+02 0.000000000000000000e+00
-5.900000000000000000e+02 0.000000000000000000e+00
-5.400000000000000000e+02 0.000000000000000000e+00
-4.910000000000000000e+02 0.000000000000000000e+00
-4.420000000000000000e+02 0.000000000000000000e+00
-3.930000000000000000e+02 0.000000000000000000e+00
-3.440000000000000000e+02 0.000000000000000000e+00
-2.950000000000000000e+02 0.000000000000000000e+00
-2.450000000000000000e+02 0.000000000000000000e+00
-1.960000000000000000e+02 0.000000000000000000e+00
-1.470000000000000000e+02 0.000000000000000000e+00
-9.800000000000000000e+01 0.000000000000000000e+00
-4.900000000000000000e+01 0.000000000000000000e+00
0.000000000000000000e+00 0.000000000000000000e+00
4.900000000000000000e+01 0.000000000000000000e+00
9.800000000000000000e+01 0.000000000000000000e+00
1.470000000000000000e+02 0.000000000000000000e+00
1.960000000000000000e+02 0.000000000000000000e+00
2.450000000000000000e+02 0.000000000000000000e+00
2.950000000000000000e+02 0.000000000000000000e+00
3.440000000000000000e+02 0.000000000000000000e+00
3.930000000000000000e+02 0.000000000000000000e+00
4.420000000000000000e+02 0.000000000000000000e+00
4.910000000000000000e+02 0.000000000000000000e+00
5.400000000000000000e+02 0.000000000000000000e+00
5.900000000000000000e+02 0.000000000000000000e+00
6.390000000000000000e+02 0.000000000000000000e+00
6.880000000000000000e+02 0.000000000000000000e+00
7.370000000000000000e+02 0.000000000000000000e+00
7.860000000000000000e+02 0.000000000000000000e+00
8.350000000000000000e+02 0.000000000000000000e+00
8.850000000000000000e+02 0.000000000000000000e+00
9.340000000000000000e+02 0.000000000000000000e+00
9.830000000000000000e+02 0.000000000000000000e+00
1.032000000000000000e+03 0.000000000000000000e+00
1.081000000000000000e+03 0.000000000000000000e+00
1.130000000000000000e+03 0.000000000000000000e+00
1.180000000000000000e+03 0.000000000000000000e+00
1.229000000000000000e+03 0.000000000000000000e+00
1.278000000000000000e+03 0.000000000000000000e+00
1.327000000000000000e+03 0.000000000000000000e+00
1.376000000000000000e+03 0.000000000000000000e+00
1.425000000000000000e+03 0.000000000000000000e+00
1.475000000000000000e+03 0.000000000000000000e+00
1.524000000000000000e+03 0.000000000000000000e+00
1.573000000000000000e+03 0.000000000000000000e+00
1.622000000000000000e+03 0.000000000000000000e+00
1.671000000000000000e+03 0.000000000000000000e+00
1.720000000000000000e+03 0.000000000000000000e+00
1.770000000000000000e+03 0.000000000000000000e+00
1.819000000000000000e+03 0.000000000000000000e+00
1.868000000000000000e+03 0.000000000000000000e+00
1.917000000000000000e+03 0.000000000000000000e+00
1.966000000000000000e+03 0.000000000000000000e+00
2.015000000000000000e+03 0.000000000000000000e+00
2.065000000000000000e+03 0.000000000000000000e+00
2.114000000000000000e+03 0.000000000000000000e+00
2.163000000000000000e+03 0.000000000000000000e+00
2.212000000000000000e+03 0.000000000000000000e+00
2.261000000000000000e+03 0.000000000000000000e+00
2.310000000000000000e+03 0.000000000000000000e+00
2.360000000000000000e+03 0.000000000000000000e+00
2.409000000000000000e+03 0.000000000000000000e+00
2.458000000000000000e+03 0.000000000000000000e+00
2.507000000000000000e+03 0.000000000000000000e+00
2.556000000000000000e+03 0.000000000000000000e+00
2.606000000000000000e+03 0.000000000000000000e+00
2.655000000000000000e+03 0.000000000000000000e+00
2.704000000000000000e+03 0.000000000000000000e+00
2.753000000000000000e+03 0.000000000000000000e+00
2.802000000000000000e+03 0.000000000000000000e+00
2.851000000000000000e+03 0.000000000000000000e+00
2.901000000000000000e+03 0.000000000000000000e+00
