1.301096701255540822e+01
1.285922869231196408e+01
1.210245896967572143e+01
1.357926962552954642e+01
1.238410135802103795e+01
1.318059101949901901e+01
1.335713340899573431e+01
1.407746576500323599e+01
1.410404690625666824e+01
1.344257833853850315e+01
1.303447423957281259e+01
1.399731620228548046e+01
1.151351318366151766e+01
1.368379462346979558e+01
1.203981886785333266e+01
1.360591675974472103e+01
1.343863668211348816e+01
1.201550618719108598e+01
1.192540411080214824e+01
1.649443037777311005e+01
1.284729056808539482e+01
1.436148595994068344e+01
1.308556824040752176e+01
1.426514635080513038e+01
1.418731490030739906e+01
1.357325398936884753e+01
1.283425300626259258e+01
1.242238950111018170e+01
1.450618613625742981e+01
1.333499938219321024e+01
1.317434996478279530e+01
1.411600620205438084e+01
1.357115929898463769e+01
1.511019735428899580e+01
1.315437909554490048e+01
1.452132722027936929e+01
1.429375501341854360e+01
1.261514756439425433e+01
1.385564174620236244e+01
1.621521967753198012e+01
1.392295253473865735e+01
1.407447550179389673e+01
1.188113524361570406e+01
1.380867710027231787e+01
1.202818699572277694e+01
1.311622260482281099e+01
1.443644413092989076e+01
1.375711784098858104e+01
1.297596096865367521e+01
1.402076133778366440e+01
1.285159257614267503e+01
1.393961979123419326e+01
1.406655093742069340e+01
1.327611430618868660e+01
1.344710140443345558e+01
1.362364302843891295e+01
1.188726922741566305e+01
1.273738258921980560e+01
1.151628460571533807e+01
1.501236903767023989e+01
1.319384774965081775e+01
1.528275060538572561e+01
1.360333235363906113e+01
1.426555106980062071e+01
1.333892913101850652e+01
1.203425451777373567e+01
1.546307093925660325e+01
1.271339302594624066e+01
1.346889167764125972e+01
1.183619553882804531e+01
1.342350120377960820e+01
1.447848291593494530e+01
1.329293055882732588e+01
1.372937078505648856e+01
1.277440506471918980e+01
1.324070743905492620e+01
1.541692618284129779e+01
1.319297000039771106e+01
1.641033258794803729e+01
1.294073531422492174e+01
1.564231552484647736e+01
1.332540168614623255e+01
1.410469663390735562e+01
1.423926163695803560e+01
1.292077494781389824e+01
1.332033949173874809e+01
1.473587114410166166e+01
1.454628289354569581e+01
1.289679546811028743e+01
1.160689535467745692e+01
1.292578029534282891e+01
1.359336659972805528e+01
1.419807575625339346e+01
1.400330643251913010e+01
1.387692045299806765e+01
1.246885016207317243e+01
1.315493784903387287e+01
1.300742810479651901e+01
1.441809736064479885e+01
1.376599443421046942e+01
1.249450557672710183e+01
1.497871970556022703e+01
1.374261242692091578e+01
1.250868872137349896e+01
1.379487357806660164e+01
1.369195844664675832e+01
1.266605290238793557e+01
1.502034036358197255e+01
1.289671708931384231e+01
1.468207452080586428e+01
1.386299224980504619e+01
1.460983599624853291e+01
1.248638717202640258e+01
1.446784256866345153e+01
1.262485609074632009e+01
1.492893358930030878e+01
1.381067636680165656e+01
1.417186349237099741e+01
1.416834989210567919e+01
1.305189979168580017e+01
1.422593780437774313e+01
1.379118366781267646e+01
1.358737506077268087e+01
1.328970294357217874e+01
1.405065741759469589e+01
1.339480809575758968e+01
1.409326487171098385e+01
1.508433532640525065e+01
1.443044885064251659e+01
1.315383490011816292e+01
1.659151775868324563e+01
1.326615826202495718e+01
1.347740906185157783e+01
1.232212679398126021e+01
1.413464388472563193e+01
1.353225357462991596e+01
1.386728462958640584e+01
1.450478164318016816e+01
1.295829963284050379e+01
1.111655008828090629e+01
1.330196493062163299e+01
1.435758436959527806e+01
1.321477505765664873e+01
1.437339530304237378e+01
1.294156064046668853e+01
1.334571235040153958e+01
1.450325546084046024e+01
1.409505122077431771e+01
1.337793859751586645e+01
1.416463707928037863e+01
1.229894027395117106e+01
1.468974985895495422e+01
1.317186237464290777e+01
1.345529581812727038e+01
1.329172995042739736e+01
1.267220855614807284e+01
1.342280673590294882e+01
1.179522045333430391e+01
1.335776879123242367e+01
1.407595572548733820e+01
1.548293879467672696e+01
1.624033183852316142e+01
1.469626084458498916e+01
1.251968359516661167e+01
1.277662854803308612e+01
1.297921021201609193e+01
1.362959961056572311e+01
1.208093020626466263e+01
1.203366280088543760e+01
1.290536791254934634e+01
1.246433449986235154e+01
1.326799979594544787e+01
1.374395507431479579e+01
1.332964780402681981e+01
1.398504040249912705e+01
1.483278096193888551e+01
1.310811020334020327e+01
1.423952686724049244e+01
1.131279686054708478e+01
1.437526489107821881e+01
1.274708840020338130e+01
1.333771057418376849e+01
1.447595480003172419e+01
1.241114638705620976e+01
1.390405430999188319e+01
1.414025054613802901e+01
1.265409317521224608e+01
1.284244680124823645e+01
1.303064878699646023e+01
1.206726659559480197e+01
1.236186707861455858e+01
1.326027480864424035e+01
1.359402974323266378e+01
1.226618511993381411e+01
1.300497535259785487e+01
1.501286195795387357e+01
1.172433541722845440e+01
1.322958524485335374e+01
1.489508341944253189e+01
1.594598929946928578e+01
1.269030799448956692e+01
1.333396115751657796e+01
1.436150269130944324e+01
1.272749718524467788e+01
1.262799275681659594e+01
1.408931369503488185e+01
1.412691025236257580e+01
1.444243758016943957e+01
1.573313325228564530e+01
1.301546760225632582e+01
1.312276681885974128e+01
1.226999524806858588e+01
1.307597854848954988e+01
1.247351246505012412e+01
1.208745235376520810e+01
1.327181611022605345e+01
1.309243066433871050e+01
1.499597392336269053e+01
1.255566915027019803e+01
1.392236255911754839e+01
1.566653394534248989e+01
1.258822891903283470e+01
1.278580813305885222e+01
1.393094796791077528e+01
1.308886271220376862e+01
1.341453545014427284e+01
1.186352367656824924e+01
1.529543559407050424e+01
1.380112484439558074e+01
1.292114257662648846e+01
1.380554201845201767e+01
1.386397146238154932e+01
1.348914835782487742e+01
1.401486667948227804e+01
1.261985073561931792e+01
1.459708595177592194e+01
1.449351747188330819e+01
1.412096200182428873e+01
1.370263484255420572e+01
1.317291970383855926e+01
1.256443948801735644e+01
1.322645099025859317e+01
1.494349161361982148e+01
1.212227740396716946e+01
1.308612738142371867e+01
1.339536097068789822e+01
1.276771331448593649e+01
1.335171234401514440e+01
1.485373029753718122e+01
1.371815503222765642e+01
1.285647853328688228e+01
1.353265057380224334e+01
1.633059059640745758e+01
1.257573687617392544e+01
1.333750688264421136e+01
1.345915261611313518e+01
1.336053087155209873e+01
1.384131650759741561e+01
1.381234810869202612e+01
1.354877038475644824e+01
1.311417230452940075e+01
1.267353530685379148e+01
1.453239427006351470e+01
1.391740102909485266e+01
1.382597794098915678e+01
1.225706717935488399e+01
1.333548761925175974e+01
1.210673306025880080e+01
1.428303754470145925e+01
1.297678345602905559e+01
1.420980063924805137e+01
1.220102192505506089e+01
1.388063296814955017e+01
1.343523073900322551e+01
1.451101616967344654e+01
1.343805885480019846e+01
1.192855180488989220e+01
1.188463872058238735e+01
1.378798329858528504e+01
1.553482194434472774e+01
1.267520401546500075e+01
1.322232137618789594e+01
1.411401202352902828e+01
1.524295735623022274e+01
1.378768900930905339e+01
1.257797002451590984e+01
1.285698455225843340e+01
1.290959940829885255e+01
1.548921049214155943e+01
1.411978839501094107e+01
1.431029055421332075e+01
1.393396029512484979e+01
1.398691653851902927e+01
1.356665768859868848e+01
1.237851763636167135e+01
1.423244436172632454e+01
1.368050766523782791e+01
1.632573979293099597e+01
1.320194340229222796e+01
1.384320381666235811e+01
1.400904698530703563e+01
1.224798120071613994e+01
1.402277984466820193e+01
1.411967471619385428e+01
1.300814176741444328e+01
1.335115071021559885e+01
1.253511609129840920e+01
1.220307719307497507e+01
1.258349257293259171e+01
1.387536149897213811e+01
1.362594003530274733e+01
1.219487921827999344e+01
1.427729459605072648e+01
1.255177604354040710e+01
1.308481539017823536e+01
1.230967411829253599e+01
1.498341740221458451e+01
1.300564087909080513e+01
1.314507391739199704e+01
1.360206795447486172e+01
1.241635487210333366e+01
1.326043898115939790e+01
1.485982188283114347e+01
1.179236798024093957e+01
1.306929032863268780e+01
1.460042884990523149e+01
1.406575489311279803e+01
1.360089917478245347e+01
1.257297349035341583e+01
1.407971541981720343e+01
1.518989702127246844e+01
1.387522073376080201e+01
1.386010082878222605e+01
1.489345722727865073e+01
1.277982596468323173e+01
1.302305565928812570e+01
1.191125092627057569e+01
1.314351081454448256e+01
1.331869144267286487e+01
1.237060817703744142e+01
1.371231434173390973e+01
1.374193934151096741e+01
1.505708832436453015e+01
1.276105378615143593e+01
1.240731443686520130e+01
1.460370627471885641e+01
1.377638908953153596e+01
1.407726078148529858e+01
1.478555264662045765e+01
1.233340662698577006e+01
1.421799107991667199e+01
1.348936947391219832e+01
1.379462812582910836e+01
1.351052749265629593e+01
1.407108218100400521e+01
1.434780494369450921e+01
1.339179958996664155e+01
1.546478445922512890e+01
1.324717977513572542e+01
1.348308988181517520e+01
1.536512791032734349e+01
1.325747185963932395e+01
1.170024749203389192e+01
1.544515730909294327e+01
1.389456798103573476e+01
1.266009120648531727e+01
1.488480368498474249e+01
1.425182692736789036e+01
1.272362763231445371e+01
1.290995924085184932e+01
1.390235071159589175e+01
1.384906775781156263e+01
1.316456058164830978e+01
1.273020153271177435e+01
1.299117787193807771e+01
1.368919438908535469e+01
1.268619063656185375e+01
1.296423076757076487e+01
1.294797532443551979e+01
1.310691588916729344e+01
1.401514278742171982e+01
1.250693204735166653e+01
1.355299174164538734e+01
1.481654589407960287e+01
1.363229471874838161e+01
1.305164799060678682e+01
1.355808798076315291e+01
1.302740445729352103e+01
1.541528510720157819e+01
1.204650828886841474e+01
1.297124608305802163e+01
1.431373018570469746e+01
1.214674769456098247e+01
1.328337163207287297e+01
1.210587939306818939e+01
1.395735068734428808e+01
1.258437973856447023e+01
1.420131965740377389e+01
1.565863288066876535e+01
1.428714780805359474e+01
1.409394653024311772e+01
1.271447474160961910e+01
1.314170118754474359e+01
1.319359183256574752e+01
1.181617562400580823e+01
1.402082570316217769e+01
1.376748049327380663e+01
1.434565094727580714e+01
1.265906642211244026e+01
1.340402179401269045e+01
1.431732994358094579e+01
1.371429533761740416e+01
1.382230314571512508e+01
1.571324984737607089e+01
1.357996033162443439e+01
1.532499457134853316e+01
1.403618767333505701e+01
1.419516741008544081e+01
1.385639113027123592e+01
1.255658691629836987e+01
1.299882886864737408e+01
1.315008100403671776e+01
1.462362180181379934e+01
1.530505758230573576e+01
1.356032036996638013e+01
1.497394539472661990e+01
1.229531271139269855e+01
1.249900938853832066e+01
1.283362610737446019e+01
1.346778236492666458e+01
1.447931735182815594e+01
1.488928715463162789e+01
1.408452983473948450e+01
1.352518296597538061e+01
1.215843608651248786e+01
1.326744625317411774e+01
1.320916442469439644e+01
1.349028313913043498e+01
1.400530328153224779e+01
1.211779529007465683e+01
1.420969680106948907e+01
1.440672800385923580e+01
1.239883173074836442e+01
1.328319152448225182e+01
1.364077205186450215e+01
1.107489959814961367e+01
1.456309248514703469e+01
1.363611693471757214e+01
1.281478424447450060e+01
1.377090082548209793e+01
1.414690140677565644e+01
1.096750689944385826e+01
1.558339352029181413e+01
1.317656720971203832e+01
1.505628499899996342e+01
1.535623068415777936e+01
1.200073422473896656e+01
1.515896436006255499e+01
1.524237682556484330e+01
1.357028523914440044e+01
1.289363658159514259e+01
1.310515570703812038e+01
1.237075495509219891e+01
1.597755101788706789e+01
1.292929852422722270e+01
1.240485153266779506e+01
1.636642104753741123e+01
1.362287250374573233e+01
1.586055478471327085e+01
1.159651274550578393e+01
1.468025439831222023e+01
1.550624430921942754e+01
1.441611562403579150e+01
1.235945818241475003e+01
1.380919974356099367e+01
1.544060290693257009e+01
1.446373173483313224e+01
1.336456793867309223e+01
1.292142356187398988e+01
1.164812930981351613e+01
1.564129294870665454e+01
1.245745868443665216e+01
1.393705598129373158e+01
1.298986154420128258e+01
1.276646062276812188e+01
1.228297960901449493e+01
1.188954072817903729e+01
1.228547199143658908e+01
1.377531088295418016e+01
1.185352430601447260e+01
1.346210518660789113e+01
1.338925969874722277e+01
1.391064596885125226e+01
1.392074580990335519e+01
1.434756609296988827e+01
1.386192070430002943e+01
1.341122596277838674e+01
1.251531809763774028e+01
1.339517579098930433e+01
1.337310580774416735e+01
1.228669534140034791e+01
1.280639465048391834e+01
1.347486098012294242e+01
1.242568887260607902e+01
1.521056497774560157e+01
1.395742150529405556e+01
1.334690122729448980e+01
1.249681790977003537e+01
1.439610238348327087e+01
1.307781392667844322e+01
1.404530484812097946e+01
1.212450078426281763e+01
1.358621054084457214e+01
1.506391759950219544e+01
1.504762517485073303e+01
1.409934727101681773e+01
1.367345933335285402e+01
1.276108244183961915e+01
1.347564812598336559e+01
1.351252037580172960e+01
1.243422948912880344e+01
1.427008827189350626e+01
1.346797359163413432e+01
1.367987472189925491e+01
1.223441668130122473e+01
1.344427422055553123e+01
1.323555560350732563e+01
1.241481266377465431e+01
1.544812644270792390e+01
1.339288487251589821e+01
1.493754887962837152e+01
1.263742327158557011e+01
1.366145912085346481e+01
1.365123634493875748e+01
1.354448601746636882e+01
1.401320519840133727e+01
1.194216126093009223e+01
1.169945048424039236e+01
1.242969603869445905e+01
1.442096050791785089e+01
1.328992375861536779e+01
1.453584244590373586e+01
1.388907061515657304e+01
1.434170354981463724e+01
1.269371643538498695e+01
1.239596148469261294e+01
1.234973341930474255e+01
1.225109410947416322e+01
1.425924996840747383e+01
1.350939998128976782e+01
1.354481040468375141e+01
1.353783046189521677e+01
1.351839073943845548e+01
1.243734573025749057e+01
1.194747997384490823e+01
1.477887400235729309e+01
1.307559477840264250e+01
1.282318606699670127e+01
1.325021393438988504e+01
1.366982188853652147e+01
1.250172653551066837e+01
1.309684203443276651e+01
1.228884436613466846e+01
1.226421021283801061e+01
1.441691358855954164e+01
1.363464699131406199e+01
1.153850261478341643e+01
1.174457443081577779e+01
1.520755851793508562e+01
1.370280349072477577e+01
1.308684412153461096e+01
1.305954561884572307e+01
1.288314955965569197e+01
1.389803074285492990e+01
1.514739977732415532e+01
1.238643901834423211e+01
1.422915828915903624e+01
1.358755384035360336e+01
1.514592451865552114e+01
1.216742024998980298e+01
1.256398941402242286e+01
1.234161683599413095e+01
1.220147117394161285e+01
1.293551566062027014e+01
1.351300052802682572e+01
1.376858996021001857e+01
1.275698238816751484e+01
1.466113499531372177e+01
1.555119219161988298e+01
1.332636299075306674e+01
1.392369102933295721e+01
1.229097275338105000e+01
1.484549862678881738e+01
1.245840642058034398e+01
1.200227898544173577e+01
1.342446443185740179e+01
1.198543023218116765e+01
1.238148886423087092e+01
1.398267113980330478e+01
1.235062015451396533e+01
1.254455242468396037e+01
1.355011365571238358e+01
1.403999654273563102e+01
1.435020508550507579e+01
1.623752133713267654e+01
1.313330838082883467e+01
1.236677887681133647e+01
1.342391838807776949e+01
1.289001538012847803e+01
1.328448296269184858e+01
1.381657248890907574e+01
1.333148962911214674e+01
1.513135849152271639e+01
1.290366691646404895e+01
1.391565777125263104e+01
1.340313809718520410e+01
1.324680332446215125e+01
1.245916741212545453e+01
1.261541661603618358e+01
1.359067397440652769e+01
1.342134320472996301e+01
1.328980283061232193e+01
1.323745384642812439e+01
1.358207837875323598e+01
1.365923048389304739e+01
1.320042407015515273e+01
1.344405066213733058e+01
1.273406716485776080e+01
1.300777965713426987e+01
1.366477649959335494e+01
1.270442070633027143e+01
1.257610174128429392e+01
1.226070245976958084e+01
1.191185322388795420e+01
1.446205864419878395e+01
1.404801068345402904e+01
1.388916047870557691e+01
1.308904945497222982e+01
1.461505287043942758e+01
1.345376697660379151e+01
1.513985612291333638e+01
1.345198848612484888e+01
1.354743412152059001e+01
1.315165949417136915e+01
1.316527649116072141e+01
1.431899684606610279e+01
1.458818422642251278e+01
1.354142117220102470e+01
1.411124404983156033e+01
1.302492219061041467e+01
1.456178020818864738e+01
1.394921241469370266e+01
1.416692992640645343e+01
1.277460105794198952e+01
1.424725916413125049e+01
1.284756474815751659e+01
1.351784439734955612e+01
1.381728302668775754e+01
1.530382197195385530e+01
1.344555926474918373e+01
1.333964019464535866e+01
1.283459165351030329e+01
1.234009937365414622e+01
1.294633003558888262e+01
1.457191358119326097e+01
1.645437613677870203e+01
1.574858232085167664e+01
1.261365592336185948e+01
1.251052299503996679e+01
1.355934938426704406e+01
1.500981755202167633e+01
1.232819301730953931e+01
1.265661461252440745e+01
1.369771149296101420e+01
1.210382283400453396e+01
1.464312041217772808e+01
1.432872625615783058e+01
1.407225487670228503e+01
1.401327632133959789e+01
1.357923105029438560e+01
1.242840279412750704e+01
1.230614428062606969e+01
1.280286247498965402e+01
1.361100559669575993e+01
1.233640790537819498e+01
1.428380513578013122e+01
1.226393032753632539e+01
1.576732466751053963e+01
1.556639566266879093e+01
1.270463614708254063e+01
1.385460005189793264e+01
1.377190056948835029e+01
1.332717871927314945e+01
1.401224764002198242e+01
1.311029832921583171e+01
1.343735636659977395e+01
1.438590683242983914e+01
1.169313235080802826e+01
1.305329914488789811e+01
1.182082232279501710e+01
1.351610356617275954e+01
1.350681276145646947e+01
1.410553039894080563e+01
1.327018061684549366e+01
1.406527254509431124e+01
1.444690259413749800e+01
1.230843298663210561e+01
1.427817995220630110e+01
1.335527964634232667e+01
1.553261226808645823e+01
1.256869349797032953e+01
1.542638742542525421e+01
1.430987215358921105e+01
1.415700952703136295e+01
1.414327017788840202e+01
1.482484570303028981e+01
1.312053463866201142e+01
1.346286533604701852e+01
1.363946290657166571e+01
1.193999785082644927e+01
1.386351663736226492e+01
1.197259224161243552e+01
1.284263838993094176e+01
1.383148904149218517e+01
1.338646234512455635e+01
1.357244851108865547e+01
1.443389619176851824e+01
1.457498330575932677e+01
1.275209432241700469e+01
1.262262699007252742e+01
1.326624172772693200e+01
1.295998708296913371e+01
1.453975839016914406e+01
1.226395045700473752e+01
1.246527587564723305e+01
1.425663973840365983e+01
1.447273089294197312e+01
1.181767052576232935e+01
1.349158354407079585e+01
1.345047100515729532e+01
1.324495039168399124e+01
1.234639252995151537e+01
1.487873837295291679e+01
1.279183171428984522e+01
1.385202896974781339e+01
1.410766022172714607e+01
1.409271886542749641e+01
1.282185661424863454e+01
1.413776504676379098e+01
1.541785576663566282e+01
1.316559192232348074e+01
1.485927282997001520e+01
1.218896240300521150e+01
1.168293220617216477e+01
1.185176279925019749e+01
1.201225051771927177e+01
1.328909640653361457e+01
1.349684735322747109e+01
1.389362775017371021e+01
1.402056099963268210e+01
1.329177042792583130e+01
1.398783880807290636e+01
1.531881580500267148e+01
1.438636057236465859e+01
1.485147267469112364e+01
1.167712818371560601e+01
1.248498000659551899e+01
1.421633095139077341e+01
1.307069919463585173e+01
1.377906902309606885e+01
1.389084474651629542e+01
1.425059661065385619e+01
1.398423138304728930e+01
1.419133416311504448e+01
1.152720248390490454e+01
1.310880314265130586e+01
1.524840383684032297e+01
1.426721771070683431e+01
1.458578781674560609e+01
1.421531809888762510e+01
1.380634000506012526e+01
1.311114436144722895e+01
1.294601104059095142e+01
1.223371592285617737e+01
1.539856956109137620e+01
1.285140370210974226e+01
1.453992984804313515e+01
1.401745325018893773e+01
1.252269293238096282e+01
1.278987730697417646e+01
1.344627713617709830e+01
1.333218661592463761e+01
1.412330797543546623e+01
1.415523099667015039e+01
1.460240619667914785e+01
1.213655036869875836e+01
1.136516891268741780e+01
1.404020007902109768e+01
1.307048301023017167e+01
1.314087799844102378e+01
1.271094722879300853e+01
1.267878639178937838e+01
1.370898906262259942e+01
1.402679530534076235e+01
1.473144326076742949e+01
1.531702120405460477e+01
1.460564855899158765e+01
1.542045702866403900e+01
1.307701721817165286e+01
1.384270870053515701e+01
1.184379000471441046e+01
1.308334979344897597e+01
1.252697523342179053e+01
1.514930984253458135e+01
1.556351371730776556e+01
1.256761898274868550e+01
1.267140653653491533e+01
1.565774237227715560e+01
1.363951880486183477e+01
1.236647969442483763e+01
1.443504006250806704e+01
1.471476644906630504e+01
1.321072896244624317e+01
1.378800178260834031e+01
1.415878907376438534e+01
1.388666222754854473e+01
1.436548453556546079e+01
1.413112141716512760e+01
1.604782758251922914e+01
1.228748073599774671e+01
1.311275775218720696e+01
1.298978984954006322e+01
1.400250524899172255e+01
1.185669498693953372e+01
1.457730734762177427e+01
1.303083368284277554e+01
1.346562982467792935e+01
1.433634394883092789e+01
1.286307344993349133e+01
1.261043473248499858e+01
1.366399406164870634e+01
1.344187026408799035e+01
1.251680411740482235e+01
1.318762092781820350e+01
1.187268573356465495e+01
1.271037915677089636e+01
1.370874954907732146e+01
1.193656111855735169e+01
1.363588298355418260e+01
1.511505762162332722e+01
1.302155540501355269e+01
1.348293110201908540e+01
1.300606492738333309e+01
1.352535788843299080e+01
1.432789510672878563e+01
1.470392309661735197e+01
1.350073363388590408e+01
1.368189895194473316e+01
1.188151152937891730e+01
1.418865168887899664e+01
1.380978230451101751e+01
1.394744165451916729e+01
1.255804313976743813e+01
1.503675893846148881e+01
1.314284841309563134e+01
1.339628589752273591e+01
1.555232206850277699e+01
1.323244320758611536e+01
1.363626510589916130e+01
1.354024648867939362e+01
1.306908832740007220e+01
1.289232149040625153e+01
1.259918363812991515e+01
1.515151061053753700e+01
1.255084284575282005e+01
1.287722387559578330e+01
1.330078772677680732e+01
1.490848263058548007e+01
1.344646925206072119e+01
1.456077466839883172e+01
1.318936476652475243e+01
1.490084442386449659e+01
1.253640752248023915e+01
1.277940744396227224e+01
1.351223709817785945e+01
1.435887657522642868e+01
1.346566988205901971e+01
1.308655435303170655e+01
1.377556830273882227e+01
1.471907574905252858e+01
1.260996828291665217e+01
1.314359577268997192e+01
1.406711110858039149e+01
1.505433826539980124e+01
1.355002197461780611e+01
1.323735882383029860e+01
1.486765865037933487e+01
1.379006266617676957e+01
1.432263246341694796e+01
1.335660923279567847e+01
1.241473229030100889e+01
1.308235298775096744e+01
1.308217114734165598e+01
1.338960942652409081e+01
1.414113869363679399e+01
1.540243044759127855e+01
1.235376727944482056e+01
1.443213562212157974e+01
1.198838976187615479e+01
1.625958211443319712e+01
1.374136463247389806e+01
1.294651557487880211e+01
1.363306849193461012e+01
1.488620539575218160e+01
1.317445531855572227e+01
1.434494466800668988e+01
1.402614646729776737e+01
1.217228750893864309e+01
1.225433352372503215e+01
1.303516112123489279e+01
1.406809277765965227e+01
1.456090127623604502e+01
1.310069919390623028e+01
1.395990221924281194e+01
1.331798810041249936e+01
1.354613151443841090e+01
1.438507480351154477e+01
1.429505628005004603e+01
1.396564787191875823e+01
1.376832123604525471e+01
1.241961685685917516e+01
1.355122501798290102e+01
1.518886687205014141e+01
1.577365818197570491e+01
1.195109376768786191e+01
1.416645044970104905e+01
1.375060019860048222e+01
1.311510247788903882e+01
1.551114712620008973e+01
1.359647151053922265e+01
1.414726623686501306e+01
1.312131218482579165e+01
1.389169902153871661e+01
1.503831057634174861e+01
1.323435008369969168e+01
1.272694892290604507e+01
1.432230371819500725e+01
1.175696937408737242e+01
1.393471469013520370e+01
1.371828269777767240e+01
1.251787625503530599e+01
1.401249053458563054e+01
1.325930846623650616e+01
1.407414138562293893e+01
1.402555455689184782e+01
1.465995615508109395e+01
1.194886220870225735e+01
1.478497729186200971e+01
1.262885994158404301e+01
1.408149099779311264e+01
1.383142909494252493e+01
1.458855828395949494e+01
1.315591825792147418e+01
1.366562601971622293e+01
1.536271208981357894e+01
1.298895017872990643e+01
1.384212822344033000e+01
1.442824120570930546e+01
1.365770667034043129e+01
1.492813081711471135e+01
1.287129773956488954e+01
1.380437626597833578e+01
1.362671536286995000e+01
1.341683594302089055e+01
1.366168611472223837e+01
1.323431196177915403e+01
1.199048857041630001e+01
1.342028357277779982e+01
1.307250021738907186e+01
1.220217139501659176e+01
1.419317053449966082e+01
1.282470409662959732e+01
1.352910242746672509e+01
1.387662634519737814e+01
1.345757746985691838e+01
1.199828146218822056e+01
1.425808744557253149e+01
1.359498283393571683e+01
1.276221960010431111e+01
1.234285844282976186e+01
1.432248192523387686e+01
1.305566741770617512e+01
1.198398152691140162e+01
1.422955227394892752e+01
1.400116891289908061e+01
1.386840065081180029e+01
1.308090770312839801e+01
1.471020981135775685e+01
1.414620649467770797e+01
1.371767351855818795e+01
