7.881237857420971990e+07
8.682988314001093805e+07
9.395864752336014807e+07
7.659319736325761676e+07
8.617872665078461170e+07
8.428848551917964220e+07
8.471677841826087236e+07
8.180085006833063066e+07
8.108169645515958965e+07
8.439107045072107017e+07
7.882167961517222226e+07
9.102760119017645717e+07
9.126800570362095535e+07
9.277510141650292277e+07
9.876424438598185778e+07
8.420030175081539154e+07
1.045874613471117467e+08
8.919541911662526429e+07
8.054216095354789495e+07
8.728463230095596611e+07
7.815203805135127902e+07
8.800011792905735970e+07
8.479903966985000670e+07
7.653183433894781768e+07
9.193257982248592377e+07
8.804329214053657651e+07
9.572324077326607704e+07
8.608812504460225999e+07
9.332373628340590000e+07
8.085738356357562542e+07
8.919878282962784171e+07
8.575861983960855007e+07
9.077029580506733060e+07
8.751918170864695311e+07
9.460899331000342965e+07
8.286387163998074830e+07
8.810819171424292028e+07
7.855239762416155636e+07
8.629327113749924302e+07
7.248733946991150081e+07
8.833104983709956706e+07
8.384710816500601172e+07
8.049908229719668627e+07
8.452657908563421667e+07
8.751977624730621278e+07
8.916507412727490067e+07
9.486027147055950761e+07
8.505105109368933737e+07
8.508014792624394596e+07
8.700959907769368589e+07
8.379410663127781451e+07
8.710738256125317514e+07
8.472548599800615013e+07
8.447527522752560675e+07
8.906282985547453165e+07
7.993132234030708671e+07
9.374654530296452343e+07
8.556415045930196345e+07
9.269167846308836341e+07
9.487763982862704992e+07
8.832823835889303684e+07
9.117690624431234598e+07
8.508582690486222506e+07
8.997975794285091758e+07
7.979539285086919367e+07
8.402395364271168411e+07
7.776474633992221951e+07
8.692309835259707272e+07
9.792942694861342013e+07
9.350591914579150081e+07
9.377172538279245794e+07
8.269969510206571221e+07
1.016567656085505038e+08
8.735883488975428045e+07
8.822090567328217626e+07
8.825402283634969592e+07
8.194712172734911740e+07
9.438774721174931526e+07
9.414360115146611631e+07
8.539100815981721878e+07
9.000046070241120458e+07
9.047226439540053904e+07
8.689114478780850768e+07
8.143146641488057375e+07
8.626310486961270869e+07
9.165516999148581922e+07
8.242489268857011199e+07
8.183528153170049191e+07
8.935439045651760697e+07
8.535347766500844061e+07
9.157298260875162482e+07
8.453787394721603394e+07
8.803840568256627023e+07
9.068480196106943488e+07
8.315738773255845904e+07
8.554441744478927553e+07
8.894634943713369966e+07
1.036345315324155241e+08
8.869706645246410370e+07
1.017580909551261812e+08
9.628517513529522717e+07
8.861427545872825384e+07
8.447648420536205173e+07
8.208199533224402368e+07
8.538771163097198308e+07
9.450580301346270740e+07
9.804081032056969404e+07
8.323698077045226097e+07
8.846106073136352003e+07
1.003507308692404926e+08
8.645552026259703934e+07
8.604510213819567859e+07
8.688236891662921011e+07
8.419491978161954880e+07
8.608476611300002038e+07
8.304817209222251177e+07
7.364440857802437246e+07
8.937568764753462374e+07
8.390090676682765782e+07
8.036861314957606792e+07
8.657973392296379805e+07
8.358343527322153747e+07
8.893409882394628227e+07
9.218842957577647269e+07
8.986118686684092879e+07
8.945681752542857826e+07
9.499681749503940344e+07
9.848525971929410100e+07
9.905535603739160299e+07
9.410018044235539436e+07
7.385694169612009823e+07
8.795432828078450263e+07
8.906207519724322855e+07
7.969031908144883811e+07
9.986343434954793751e+07
9.047734575688554347e+07
8.486340911129212379e+07
8.280529547696307302e+07
8.692657424146595597e+07
8.296147036232154071e+07
9.475084484847766161e+07
8.228495547242327034e+07
8.841726961660189927e+07
8.932433756085252762e+07
9.703055912393562496e+07
8.820043942737676203e+07
9.246043213118819892e+07
8.372830240834161639e+07
8.092116098131628335e+07
8.772007157769486308e+07
9.928452195442624390e+07
8.477225538520266116e+07
8.702935008624243736e+07
7.975595111524197459e+07
9.605175503732515872e+07
8.781603230407130718e+07
9.548994905461800098e+07
8.464017155858464539e+07
9.171375582080955803e+07
8.176942947203028202e+07
8.204902153402470052e+07
8.844726925726887584e+07
9.374234881187550724e+07
8.566753546690462530e+07
8.549867721861091256e+07
8.653325111299158633e+07
7.557815725961075723e+07
8.537746795530521870e+07
9.249543441589330137e+07
9.126641722502572834e+07
8.562841831326811016e+07
9.972048267099259794e+07
8.673188319063612819e+07
1.003404674159457833e+08
8.463150963434650004e+07
9.494103455242724717e+07
9.196350930330018699e+07
8.368775992028909922e+07
8.042261184624323249e+07
8.826873773482219875e+07
9.189999800959485769e+07
9.454211478514295816e+07
8.965438018005050719e+07
7.786309017887799442e+07
1.001292316673597246e+08
8.948445362553964555e+07
8.263701745462179184e+07
9.535789456968857348e+07
8.311942973242664337e+07
8.983825401866458356e+07
8.319121479349298775e+07
8.397448726171059906e+07
8.928936141667005420e+07
8.437815743693229556e+07
9.325596889605735242e+07
9.854064407777829468e+07
8.044690922485339642e+07
8.835726142879556119e+07
7.417332718628284335e+07
9.856087662607926130e+07
8.648060442234528065e+07
9.159136009208677709e+07
8.488947736118623614e+07
8.735531135417741537e+07
7.967869092735256255e+07
1.002263164041811824e+08
9.355532243029198050e+07
8.646318634443105757e+07
9.983931915442194045e+07
7.502195733101944625e+07
8.816839833504919708e+07
9.010319039091432095e+07
7.823629913860028982e+07
8.167037478508114815e+07
8.149243853734138608e+07
8.910820714105837047e+07
8.649381237052211165e+07
7.864583619835630059e+07
8.558553855582070351e+07
9.786449496208065748e+07
9.040454482305343449e+07
8.039474337082211673e+07
8.873744348080836236e+07
7.781118739077109098e+07
8.314185599226611853e+07
8.511207868702878058e+07
8.242629555960045755e+07
9.825730938959579170e+07
8.497533808273623884e+07
8.289129755118279159e+07
8.385850113692562282e+07
8.064394470668020844e+07
1.099925734478581101e+08
8.385836909756258130e+07
8.332859208408233523e+07
7.660337109017622471e+07
8.038423861613035202e+07
1.017251790720742494e+08
8.484255681383216381e+07
9.113398856797905266e+07
8.602719707503394783e+07
8.302620825480788946e+07
9.081087270216889679e+07
7.632139651184546947e+07
9.549340101658734679e+07
9.144177531256264448e+07
8.818052553876754642e+07
9.341873540176430345e+07
8.444745326181325316e+07
8.330121625293958187e+07
8.868684223812253773e+07
9.364074845494630933e+07
8.623498825296188891e+07
9.079782462080624700e+07
8.211473552242310345e+07
9.133253511748149991e+07
8.485963451011714339e+07
9.206803995323231816e+07
8.067974272080941498e+07
7.418454202102816105e+07
8.301389170229813457e+07
8.064474855199131370e+07
8.596682272710138559e+07
8.344802204290516675e+07
8.070591435349623859e+07
8.112395706185300648e+07
9.181367012372885644e+07
7.617129505741897225e+07
9.943813845606751740e+07
8.239871341843205690e+07
8.377743702445137501e+07
9.607058801199534535e+07
8.244954127051311731e+07
8.303479275744052231e+07
8.516535344544233382e+07
9.116462157285077870e+07
9.134624114517396688e+07
8.223463668154656887e+07
8.641159660547949374e+07
9.335945176298376918e+07
8.750325548819527030e+07
8.827020007398878038e+07
8.000004044442851841e+07
9.586472994021980464e+07
9.629832469092774391e+07
8.518920573036256433e+07
8.138442535864824057e+07
8.153502235514576733e+07
9.161863051873125136e+07
8.634859406598302722e+07
8.222561557672457397e+07
8.877432128734211624e+07
8.944744494823895395e+07
8.667104881564033031e+07
9.188096155411018431e+07
8.986433906430587173e+07
8.996965413427005708e+07
8.743999063005438447e+07
9.512568698158316314e+07
8.629731336095306277e+07
8.983562435222889483e+07
8.965943148611889780e+07
9.790330368565277755e+07
8.524417649477486312e+07
9.116705271469603479e+07
9.582014413715912402e+07
9.741880955803562701e+07
8.701488567984201014e+07
8.707034879637105763e+07
9.782656379607874155e+07
8.352984888348835707e+07
8.479510337089250982e+07
8.092738616106972098e+07
8.323207168394421041e+07
8.232843332531426847e+07
8.645294810696308315e+07
7.504196041930615902e+07
9.303280853185147047e+07
1.026354651675364077e+08
8.843248163260108232e+07
8.263758084839843214e+07
9.290993476568962634e+07
8.916125689836440980e+07
9.416736243706816435e+07
8.684749651429574192e+07
8.704429333602811396e+07
9.870317514552460611e+07
9.192949458281707764e+07
8.606807643390189111e+07
8.782914549369187653e+07
8.874591466836185753e+07
8.826943631622388959e+07
7.984990942071825266e+07
9.284482722932860255e+07
8.876387850399114192e+07
7.786996800238779187e+07
1.013612689197355956e+08
8.747777346801427007e+07
8.907994039233157039e+07
1.010350865531550497e+08
9.252427353920993209e+07
9.240487370552639663e+07
9.426006443997962773e+07
7.623533255265304446e+07
9.025817167264264822e+07
9.307265093325297534e+07
9.552307899994623661e+07
1.035007079087125957e+08
8.888344918720908463e+07
7.912847468477779627e+07
9.492386921483051777e+07
9.770394097489669919e+07
8.624265532161337137e+07
8.262916992367452383e+07
8.713997040471005440e+07
8.953471171628801525e+07
9.836981820472779870e+07
8.345833863713787496e+07
9.115973073109538853e+07
7.576850037097617984e+07
8.404478675057514012e+07
7.329456827507227659e+07
9.167801128344757855e+07
8.520038264634640515e+07
9.428525469492946565e+07
9.028910576312179863e+07
8.772360045069764555e+07
9.570269343885605037e+07
8.820629582255646586e+07
9.771016746940883994e+07
9.532789228147016466e+07
8.104066450357361138e+07
9.703841544398489594e+07
1.018189910441611707e+08
8.128329754333180189e+07
8.314365774809363484e+07
8.783659303105413914e+07
8.742534959591005743e+07
1.014282901081736088e+08
8.915122725194072723e+07
9.058074121146385372e+07
8.881341990816046298e+07
7.790918315926085413e+07
8.328394830869729817e+07
8.487024382019628584e+07
8.367261884328046441e+07
8.365803398497360945e+07
8.878841634356030822e+07
8.852040652697433531e+07
9.271613826257993281e+07
7.943228093949759007e+07
9.203476349909292161e+07
8.260736109455311298e+07
8.559979106952580810e+07
9.262275841489075124e+07
8.419310806805038452e+07
7.953268583806592226e+07
7.967033038035644591e+07
9.376966449691151083e+07
9.004939980149669945e+07
9.072035087624569237e+07
8.153178413847267628e+07
8.717896994572165608e+07
8.312595629968829453e+07
8.574343782786816359e+07
8.887406522349734604e+07
8.405978467103391886e+07
8.322280245756402612e+07
8.055298448255170882e+07
1.026251054012979418e+08
8.353221502405677736e+07
8.268612385795131326e+07
9.400707184484401345e+07
8.935178020518365502e+07
8.492482587794840336e+07
8.761869708570671082e+07
8.983957942055138946e+07
9.115693253303958476e+07
9.294237872377575934e+07
8.299782514892821014e+07
8.571756816936962306e+07
1.047086012320015579e+08
8.173097131763297319e+07
8.640499186861878633e+07
8.387425789399169385e+07
9.458498685801872611e+07
8.408170229503302276e+07
8.329293727175137401e+07
8.674869009376521409e+07
7.959088195967984200e+07
9.697118125949974358e+07
1.050958033606422544e+08
9.879844622106075287e+07
9.539312768294407427e+07
7.802420078527413309e+07
9.845008494826978445e+07
8.770328660653288662e+07
9.358303341988380253e+07
8.593485624665300548e+07
9.775695031255541742e+07
7.989384645975014567e+07
8.329651759735567868e+07
9.089997723987486959e+07
9.083289541534709930e+07
7.949218454662732780e+07
8.222064271919712424e+07
7.915578505906355381e+07
8.198961548184487224e+07
8.743320434603239596e+07
8.902943672339169681e+07
9.312384506049923599e+07
9.210374690272578597e+07
9.045742585785597563e+07
8.625656104223537445e+07
9.604676376737233996e+07
9.286279230849133432e+07
8.946916078608413041e+07
9.525074812349832058e+07
8.888853392624871433e+07
8.098828396094392240e+07
8.745253021806178987e+07
8.787487899336208403e+07
1.001381633156090081e+08
8.749298615827931464e+07
9.271769235402990878e+07
8.716433665165556967e+07
8.553987918301306665e+07
9.071682067996487021e+07
9.284511329437391460e+07
8.989415419333627820e+07
8.262538777226699889e+07
1.010684642596219331e+08
8.488653092042349279e+07
9.191957082940602303e+07
8.263690923656763136e+07
9.214402912423045933e+07
8.670349640155686438e+07
8.816917157541827857e+07
9.063363069457653165e+07
8.958262664006239176e+07
1.073897009504942894e+08
7.872946938474617898e+07
9.170947170925642550e+07
9.108169527466493845e+07
8.098336818012405932e+07
8.186924283880621195e+07
8.240745314591473341e+07
8.480877545158225298e+07
8.339773839386425912e+07
8.298029464339256287e+07
8.945020586938184500e+07
8.794375973733347654e+07
8.988250597149828076e+07
8.733770668007364869e+07
9.581227372189357877e+07
1.013040715679551065e+08
8.176863139716637135e+07
8.696184629566588998e+07
8.355411749233525991e+07
9.791360842876563966e+07
9.519482468830600381e+07
8.541414203824390471e+07
9.852874193337501585e+07
9.132612727723827958e+07
8.836622311037836969e+07
8.762263864807708561e+07
8.521554010534517467e+07
7.665760279974931479e+07
8.540625965342324972e+07
8.363708402387809753e+07
8.885717400107130408e+07
9.264690321276189387e+07
9.311407424308879673e+07
9.001355006356348097e+07
9.734443532586635649e+07
7.547508444222800434e+07
9.467443976740843058e+07
8.606575664703492820e+07
9.941109581390835345e+07
8.764931084818068147e+07
8.661085385676707327e+07
1.028402144183794111e+08
9.488470688508501649e+07
8.437064914708326757e+07
8.764394294480113685e+07
8.155373691719003022e+07
9.700916308187358081e+07
8.113996292352049053e+07
9.287250611986313760e+07
9.397471083732677996e+07
8.525350891118203104e+07
7.307198268073162436e+07
9.133678555278573930e+07
8.681223155731284618e+07
8.077456965024210513e+07
7.953952341554147005e+07
8.496072014450412989e+07
8.372978379003719985e+07
9.242303348410871625e+07
7.898079445037433505e+07
9.042076466518978775e+07
8.536879502197363973e+07
7.959284338141001761e+07
8.731054712257216871e+07
8.560215973936094344e+07
7.997868790594272316e+07
9.655640414446170628e+07
9.139868725052264333e+07
8.988055915516255796e+07
8.936679127148404717e+07
9.760636599064488709e+07
8.561931167956358194e+07
9.064720202901525795e+07
8.452443017905554175e+07
8.386965363146518171e+07
9.189934565612612665e+07
9.893645014517742395e+07
8.984968504857870936e+07
8.300958174530908465e+07
9.214001209238418937e+07
8.355798779910694063e+07
8.629002532614770532e+07
7.686762282344333827e+07
8.354577368235234916e+07
8.821858981075643003e+07
9.116530298727661371e+07
8.255802728040742874e+07
8.534223412948586047e+07
9.575897324265564978e+07
8.793438209954807162e+07
9.419051072737218440e+07
8.121249052636113763e+07
9.354045611741361022e+07
8.372366582306900620e+07
9.541103460140497983e+07
9.050528905414196849e+07
8.494943879831917584e+07
8.391661686898443103e+07
9.090786324498286843e+07
8.278644613901224732e+07
7.857090963808465004e+07
1.005495387360254824e+08
9.661833146601440012e+07
9.307841909482173622e+07
8.841338895431724191e+07
9.089380599343793094e+07
7.632722472484022379e+07
8.293059949977712333e+07
8.269489313459752500e+07
9.196555864642326534e+07
9.016338890763913095e+07
9.705830893009184301e+07
8.202633031653217971e+07
8.627609107095177472e+07
8.485147824424655735e+07
9.412872854904913902e+07
8.953994543163277209e+07
8.590497630177898705e+07
1.000697263526083529e+08
9.212753167017541826e+07
9.240696373669187725e+07
8.599032679424552619e+07
9.296964304323488474e+07
9.061101100709035993e+07
8.349047727058488131e+07
9.285674802156621218e+07
8.754511815915714204e+07
8.272276035675194860e+07
8.788342275429764390e+07
8.288368523188829422e+07
8.634724127602465451e+07
9.346085440364409983e+07
8.528351424875959754e+07
8.147007021538856626e+07
9.333014514614909887e+07
9.112672208682180941e+07
8.666395190556216240e+07
8.508598202699178457e+07
8.829923785605534911e+07
8.214648976128685474e+07
9.073686402263128757e+07
9.796226823448635638e+07
1.006662794411445558e+08
8.243347808155050874e+07
9.785507877559213340e+07
8.956362552022066712e+07
8.461031081693246961e+07
8.189484526883831620e+07
8.088738761392128468e+07
9.493645306213833392e+07
7.941326614686213434e+07
1.061950411480257660e+08
9.277432029058945179e+07
9.376998337844754755e+07
8.387645086315140128e+07
8.666582145412760973e+07
9.415157189853228629e+07
9.342547375347603858e+07
8.417810453900858760e+07
8.625684892645505071e+07
9.214972989388185740e+07
8.500529146297843754e+07
8.677828462583076954e+07
8.586358034043700993e+07
8.789405409005133808e+07
9.057623336884249747e+07
9.647869423652915657e+07
8.925767581240488589e+07
9.215206519593310356e+07
8.661468590617859364e+07
8.771937816578067839e+07
8.405656977677841485e+07
1.001540182226279676e+08
8.870086709306067228e+07
9.604732800459761918e+07
8.408627756493911147e+07
9.056193492947143316e+07
9.095453426014265418e+07
7.757267559625250101e+07
8.550068608215925097e+07
8.175297422949789464e+07
8.359785545091144741e+07
8.524189060265369713e+07
9.286554290829916298e+07
1.008102470350789875e+08
8.635428788778190315e+07
8.339087583592304587e+07
8.715398476306159794e+07
8.147497509632010758e+07
1.010927399629713595e+08
8.298458822925412655e+07
7.969614244030383229e+07
9.444986863293063641e+07
9.474794033120381832e+07
8.714923791831161082e+07
8.633580049246603251e+07
1.039715524558130354e+08
8.991026503396174312e+07
8.740798002331516147e+07
8.161831600577139854e+07
8.514438656293660402e+07
8.768732252463726699e+07
9.124150815207310021e+07
8.037334747417743504e+07
8.092327356040416658e+07
9.461185462477542460e+07
1.026236538394868076e+08
8.521867267429804802e+07
9.014116301160581410e+07
9.247476329283578694e+07
8.162114398382030427e+07
8.200971166648428142e+07
8.192839969395337999e+07
8.901849507769930363e+07
7.654818286623987556e+07
9.182035964847008884e+07
8.602431510426580906e+07
8.738902826322294772e+07
8.860564154130731523e+07
1.016947016963887364e+08
9.342647810667800903e+07
8.801822310895554721e+07
8.296620300153061748e+07
8.912515835991126299e+07
8.455594044781999290e+07
8.372433952750612795e+07
8.194797688513472676e+07
9.276542344133888185e+07
8.522303979620523751e+07
8.761722403954622149e+07
9.101240128809292614e+07
8.497600574065206945e+07
8.521341946389849484e+07
8.738945067361992598e+07
9.294405730259780586e+07
8.803171835248811543e+07
9.123638414144839346e+07
8.289077121861164272e+07
1.027302684289843142e+08
8.411444705229625106e+07
8.499690821600623429e+07
9.055247731228850782e+07
9.183511457251453400e+07
9.314621019255371392e+07
7.687204845346063375e+07
8.548467447335800529e+07
7.949106355276125669e+07
9.122715431867162883e+07
8.528587334371438622e+07
8.540529325858508050e+07
9.286239687913602591e+07
9.404153481572370231e+07
9.247876896242225170e+07
8.416855363391409814e+07
8.946799893199250102e+07
8.961201538661234081e+07
9.972510026908414066e+07
8.825966424738153815e+07
8.327706577001447976e+07
8.245367783607509732e+07
8.763024865226475894e+07
9.244031925779910386e+07
8.941215191994459927e+07
8.323434895719209313e+07
8.929022936655014753e+07
9.075870288412611187e+07
9.676092589797803760e+07
9.387465314804139733e+07
8.857561004002565145e+07
9.481326522016051412e+07
8.489339141019313037e+07
8.584043750052708387e+07
9.044352142329895496e+07
8.773792771469056606e+07
8.527120703209881485e+07
9.347887243485760689e+07
8.596706650783877075e+07
7.884173696398213506e+07
9.192869245639781654e+07
8.336211479127931595e+07
8.349895284700174630e+07
7.896911379495330155e+07
8.538789904165503383e+07
8.361486117983067036e+07
7.845650805853188038e+07
9.133109291004465520e+07
7.924175393502177298e+07
8.126064899091890454e+07
8.114900745001693070e+07
7.733396905742558837e+07
8.640629839310841262e+07
7.911528265318052471e+07
8.592864412090370059e+07
8.736849160040456057e+07
9.268237566076652706e+07
1.134812385142023563e+08
9.102845390092204511e+07
8.263228132933256030e+07
9.005664613649374247e+07
8.664855545062100887e+07
9.032894469847738743e+07
9.086055364544850588e+07
9.820404340380693972e+07
8.249406920193281770e+07
9.282245643346680701e+07
9.614239044961228967e+07
8.877787631604763865e+07
8.493672025065973401e+07
9.179438261785855889e+07
8.881288193576394022e+07
7.770753910735686123e+07
8.259301320524919033e+07
8.782118678987841308e+07
9.448954792714166641e+07
8.110838345130363107e+07
8.316176004447692633e+07
8.208546294878420234e+07
8.817628171464771032e+07
8.893509502930916846e+07
8.815753716538110375e+07
8.751532095910692215e+07
8.858170883268001676e+07
8.314592248877950013e+07
9.132156394671231508e+07
8.455025823448136449e+07
8.684905279697804153e+07
8.109191256691823900e+07
8.681229103977321088e+07
9.514325685113120079e+07
8.857573045336382091e+07
8.459465509396976233e+07
8.699363267865633965e+07
8.686738770700977743e+07
9.599101595192071795e+07
8.134159268579278886e+07
9.056658627581280470e+07
9.436101773705905676e+07
8.212992526114609838e+07
8.645032091399085522e+07
8.575709751423549652e+07
8.330331129979994893e+07
8.585595626282073557e+07
8.587645633618073165e+07
8.054403728119221330e+07
9.198762764705906808e+07
7.770145056642718613e+07
8.774931126566337049e+07
8.416193022488893569e+07
9.050134598327480257e+07
8.813988553456838429e+07
9.461532149041987956e+07
9.034355316747756302e+07
8.981897239525151253e+07
8.419183899651318789e+07
9.819356861864493787e+07
7.764425900503796339e+07
8.040154759702223539e+07
8.340720028560821712e+07
9.080774299074964225e+07
8.381324924165426195e+07
8.542162830088976026e+07
9.088698142929188907e+07
8.116154771131917834e+07
8.426821320806069672e+07
9.155937943863154948e+07
7.788158514549359679e+07
1.030006350398079753e+08
8.748991136829829216e+07
9.564467059705206752e+07
8.724381028692719340e+07
9.022426428892572224e+07
8.350550844290791452e+07
8.655963712790110707e+07
9.026492324449139833e+07
8.600380449643073976e+07
8.397513749827645719e+07
9.049659129214005172e+07
8.730586102913603187e+07
1.002501200760365129e+08
9.738538107833245397e+07
8.439104754386216402e+07
8.573777068536239862e+07
8.195406066959787905e+07
9.059865653130257130e+07
9.132154210064032674e+07
8.341173712597784400e+07
1.025499428734951466e+08
8.814986184917828441e+07
7.278234706883595884e+07
8.973192219484645128e+07
9.236082171706345677e+07
8.239148350889912248e+07
8.350972531487795711e+07
6.873685650138929486e+07
9.224028889844502509e+07
8.373070989333370328e+07
7.998527719318568707e+07
8.318959161321769655e+07
9.664911989239810407e+07
9.737953690347333252e+07
9.285078228390780091e+07
1.014407057384591252e+08
9.162124834353750944e+07
8.848921662381213903e+07
8.952766526592738926e+07
8.609330909667088091e+07
9.610439430176018178e+07
8.802104738112093508e+07
8.254478308553427458e+07
8.786679882523697615e+07
9.838517433074660599e+07
8.214694682257601619e+07
9.148315717212629318e+07
9.647336362335194647e+07
9.362502854924879968e+07
9.156129169450958073e+07
9.495105042272022367e+07
8.999129625887778401e+07
8.241522514829640090e+07
8.586111043562683463e+07
8.196593724336607754e+07
8.143680423369070888e+07
8.323783350031563640e+07
7.947223710138088465e+07
8.164604936602090299e+07
8.617141394959728420e+07
9.526743906191501021e+07
8.258794959681819379e+07
1.027672445840015113e+08
8.389989901688213646e+07
7.714220059639851749e+07
9.212476551276640594e+07
8.934643519468060136e+07
8.573762579130683839e+07
7.793157451188842952e+07
8.178078872299809754e+07
9.107381021004630625e+07
8.444165540477840602e+07
9.157586639804659784e+07
8.798843902894461155e+07
8.714678893560302258e+07
8.543275563357950747e+07
9.278841362787768245e+07
7.945961914096538723e+07
8.491674457884187996e+07
8.679469402751167119e+07
8.176797974468638003e+07
8.574092092347864807e+07
8.285459123541182280e+07
9.372020854678983986e+07
8.111713614191517234e+07
9.674584492029947042e+07
8.115008198174543679e+07
8.483416034309709072e+07
8.788292701779107749e+07
8.975580779225133359e+07
9.257016508630003035e+07
8.226428674914930761e+07
9.112548781858395040e+07
8.886237118014767766e+07
7.885349407368406653e+07
8.674690807265391946e+07
9.128817070094650984e+07
8.923209036180612445e+07
8.317272369879853725e+07
9.040863985214883089e+07
8.874223139544184506e+07
9.258592429983071983e+07
7.770008221286322176e+07
8.538913631346043944e+07
8.933641131655527651e+07
8.201830364663766325e+07
8.644833376908192039e+07
8.137419472677554190e+07
8.352877352899052203e+07
9.576391175884644687e+07
8.996501557705339789e+07
1.034294657159656882e+08
8.873638239494293928e+07
9.024819462123951316e+07
8.405200745189110935e+07
8.741478924393872917e+07
8.245690008083075285e+07
8.148335876262886822e+07
9.052636231747242808e+07
8.805704675705957413e+07
8.595838087177051604e+07
7.870579367761743069e+07
9.765274011725832522e+07
8.561946295940899849e+07
8.947390531735131145e+07
9.417979085585905612e+07
8.443700415888608992e+07
8.549900167563360929e+07
9.255266760432259738e+07
9.502310688322646916e+07
8.343296212302848697e+07
8.962392640992872417e+07
8.838934679783315957e+07
8.024284662102109194e+07
8.863166028363923728e+07
1.013357429806231707e+08
9.274917725130872428e+07
9.588014209849239886e+07
9.124718945005232096e+07
8.329482532729244232e+07
1.006092699157913178e+08
9.566993560432483256e+07
8.649053884091511369e+07
9.205602375112417340e+07
9.612586321195110679e+07
8.373329410203063488e+07
8.574199901322539151e+07
8.359552155674664676e+07
9.986682654931573570e+07
8.669545407772597671e+07
9.357553725254178047e+07
8.254229348699273169e+07
8.672188102224269509e+07
8.686199305814456940e+07
