3.301690582572817449e+21
3.743467894153173008e+21
3.591578273359995077e+21
3.449065602276364648e+21
3.566687582562918859e+21
3.748027089683475857e+21
3.839605173967063613e+21
4.383831623413167292e+21
3.822054645247112118e+21
3.709914906431994200e+21
3.916469182648197579e+21
3.764895688892469477e+21
3.406403251624822702e+21
3.478442306246496223e+21
3.725980378630012797e+21
4.066504533153817821e+21
3.374211907754979230e+21
3.558211552890295157e+21
4.167629215202790605e+21
3.350115327465807151e+21
3.634410028559511323e+21
3.892568996349768892e+21
3.416968676800339116e+21
3.938412288755822494e+21
3.494161795723109073e+21
4.050978161394059313e+21
3.531925287584685621e+21
4.008540722003035292e+21
4.198077321658735526e+21
4.010580576656609509e+21
3.909164563891376620e+21
4.253893663197895328e+21
3.805552371375812903e+21
3.566903131050980409e+21
3.823923375465381233e+21
3.194538705129777398e+21
3.800541942868232110e+21
4.033524377521255088e+21
3.851627373077842100e+21
3.777849092276312605e+21
3.550363131090032919e+21
3.369113298169123832e+21
3.385030778922858447e+21
3.811542065747181175e+21
3.591431618312433828e+21
4.310936054743757226e+21
4.117147046323515032e+21
3.643784806511216689e+21
3.360111546108158149e+21
3.232260570115482321e+21
3.673717304844884115e+21
3.473265091628689261e+21
3.542410649988617994e+21
3.730167185397675196e+21
3.766639697177925386e+21
4.013074430394617561e+21
3.781125517815178592e+21
3.947094097116528116e+21
3.240005731388559458e+21
3.577752299467259773e+21
3.771926581730622833e+21
3.748354788092310716e+21
3.492625598380362433e+21
3.295355367541635023e+21
3.760225748880174088e+21
3.862804400957643817e+21
3.295691641457787011e+21
3.323747286434266481e+21
3.885616257148391522e+21
4.071280038045883564e+21
3.485836856865468187e+21
3.966467206003529613e+21
4.016634766783625036e+21
3.798527104945329537e+21
3.742965902443185963e+21
3.842115778664062779e+21
3.558338380435095552e+21
3.569309000018962153e+21
3.484562349898932421e+21
3.830500034903166419e+21
3.642838576821744173e+21
3.831878427385735414e+21
3.651566992145497194e+21
3.335558639152873341e+21
4.007841350866203312e+21
3.512605339614186045e+21
3.810817195349774434e+21
3.706826688103447527e+21
3.782840709573448827e+21
3.885493945370613383e+21
3.840642152812148949e+21
3.401027469392546890e+21
3.285716251836763603e+21
3.354186946187247485e+21
3.707452487062969647e+21
3.938386061269455077e+21
3.592833917655218389e+21
4.163941232771449487e+21
3.631245220333604045e+21
3.707612191960235770e+21
