6.904513166398470402e+08
6.388965197099034786e+08
7.069175380826684237e+08
6.273013996213674545e+08
5.896643904286038876e+08
6.613033717518219948e+08
6.891692589860100746e+08
6.313950153450094461e+08
6.761745923058325052e+08
6.282951174493564367e+08
5.571785721917868853e+08
6.015056105893819332e+08
6.554760332419915199e+08
6.193377523011742830e+08
6.891724408503717184e+08
6.097217388079134226e+08
6.623484160436829329e+08
6.502956356847382784e+08
6.224080072857500315e+08
6.222891060699429512e+08
6.053572808817138672e+08
7.297695805487496853e+08
7.033393602812706232e+08
6.943827231485439539e+08
6.454923314788281918e+08
6.662696331683907509e+08
6.044430579443556070e+08
6.539198305594336987e+08
7.206560701629028320e+08
6.055815788655028343e+08
6.653518522326260805e+08
6.249547006587215662e+08
6.462747796488554478e+08
6.987644496239241362e+08
7.025413024465553761e+08
7.006245253934090137e+08
6.272332003637090921e+08
6.373788272867211103e+08
5.829260783025343418e+08
6.378981541108578444e+08
6.958943972319123745e+08
5.947533372444829941e+08
6.264396687129974365e+08
5.979702218078007698e+08
5.497795062491999865e+08
6.294094639356875420e+08
5.904950944447240829e+08
7.747495635629633665e+08
7.514025144090698957e+08
6.377102730724542141e+08
7.004057555350793600e+08
6.424937973757967949e+08
6.478442874379745722e+08
5.819553591450015306e+08
7.115552671591434479e+08
6.735417732661833763e+08
7.173232847586753368e+08
6.479523807748266459e+08
6.075659279293012619e+08
6.850881529277698994e+08
6.298723135317679644e+08
6.663515600170350075e+08
6.310179183817802668e+08
6.301307974489221573e+08
6.189101545278742313e+08
5.886626189790602922e+08
6.524263414238535166e+08
6.042539597369345427e+08
5.630459200227808952e+08
6.034765335356428623e+08
6.500867419715256691e+08
5.776678776284230947e+08
6.083717330399200916e+08
7.211599858795539141e+08
7.431416055247299671e+08
6.758927359254189730e+08
6.149176856261247396e+08
6.706217706103054285e+08
6.204732693761302233e+08
7.127311123404790163e+08
6.897087259403603077e+08
6.602180654470767975e+08
7.054947035775965452e+08
6.586495163332438469e+08
7.729167357765051126e+08
5.916419665711628199e+08
5.816964011280777454e+08
7.310182340942527056e+08
6.469774231433951855e+08
7.288638586925395727e+08
6.873337649339126348e+08
6.315641762392150164e+08
6.413805895222456455e+08
6.381005424704638720e+08
6.656781214381747246e+08
6.518815018816372156e+08
6.906662092824742794e+08
5.933771147505031824e+08
6.059076441111527681e+08
6.770208596999880075e+08
6.293217978683439493e+08
6.316316088435938358e+08
6.679610887126749754e+08
6.245824201377711296e+08
6.670817209012554884e+08
6.026396339852962494e+08
6.564639763603112698e+08
5.977046043898005486e+08
5.697331992257021666e+08
6.518871105535855293e+08
5.543530602926272154e+08
6.461504691493706703e+08
6.144652953990948200e+08
6.729356681028041840e+08
6.167435651805218458e+08
7.387465218328683376e+08
5.777681594057494402e+08
6.057283940043586493e+08
6.592781496215503216e+08
6.660671387524014711e+08
5.743512403237091303e+08
6.242072638402912617e+08
6.822005211494077444e+08
6.575505055916349888e+08
6.310961526323062181e+08
6.470104447427356243e+08
5.807494488829116821e+08
6.058882544898099899e+08
6.279603559444538355e+08
6.356854462254356146e+08
6.203446425802894831e+08
6.540215630802255869e+08
6.751905791820019484e+08
6.457171298187600374e+08
5.954171930531609058e+08
6.145602043830937147e+08
6.087393161108354330e+08
6.730547231133341789e+08
6.488421172701394558e+08
6.248091569329108000e+08
6.140128848259484768e+08
6.391087426642137766e+08
6.282388426084241867e+08
6.325238821488778591e+08
6.209509988113059998e+08
6.099279317996557951e+08
6.192279795567219257e+08
6.747526586168026924e+08
5.168690944926861525e+08
6.666024850260841846e+08
6.155016579687606096e+08
6.055999431084281206e+08
6.575258884937252998e+08
6.482420312352918386e+08
6.684961129258060455e+08
6.966440540918370485e+08
6.442178287192990780e+08
6.661044657307748795e+08
7.146755539256942272e+08
6.934567602059934139e+08
6.431297470770615339e+08
6.448810348391010761e+08
6.712150126478005648e+08
6.247677540511412621e+08
6.581083725675115585e+08
6.486192468842775822e+08
6.438566363367925882e+08
7.135987078159029484e+08
6.541554384627307653e+08
6.606555927274025679e+08
5.876061055761865377e+08
5.911555940421879292e+08
6.647524146047505140e+08
6.138157237920744419e+08
5.731555155120295286e+08
6.324997415434825420e+08
6.778522791601500511e+08
6.117427978004245758e+08
6.130637947657978535e+08
6.224482393148734570e+08
6.459990979803422689e+08
6.412251086168191433e+08
6.847951508340173960e+08
6.895939457147676945e+08
6.764563053453229666e+08
5.604392862318959236e+08
6.978570416592204571e+08
6.585461688845475912e+08
6.972352306605548859e+08
6.574512504171372652e+08
6.214188607796075344e+08
6.716245806634018421e+08
5.630529158968367577e+08
7.140587007551018000e+08
6.154245380039235353e+08
7.200374586545016766e+08
6.206585374257568121e+08
6.936027983273040056e+08
6.990165604952065945e+08
6.780038863720481396e+08
5.804584198441624641e+08
6.015352833475884199e+08
6.173391041504971981e+08
6.912397996948539019e+08
6.264332305357455015e+08
6.592675847613043785e+08
6.517115087472591400e+08
6.091074857704902887e+08
7.050311741598907709e+08
6.222114899323962927e+08
6.448253211994882822e+08
6.956627678681037426e+08
6.601579668422080278e+08
6.316199010561137199e+08
6.149576153058073521e+08
6.386482830208333731e+08
6.057523938055342436e+08
6.832641538355230093e+08
6.022251437029662132e+08
6.399383916893061399e+08
5.852589287104395628e+08
6.505306012727569342e+08
6.354825710983809233e+08
6.174887551301649809e+08
5.836751730836226940e+08
6.595164136080557108e+08
7.129019907540181875e+08
6.466666313673727512e+08
6.562524931530755758e+08
5.793558197672084570e+08
6.643206971120138168e+08
6.694914372649909258e+08
6.624899347586406469e+08
7.509179531997418404e+08
6.940087520683304071e+08
7.090033516900670528e+08
6.578753011391468048e+08
6.643523176379338503e+08
6.597819091280792952e+08
5.920641397714490891e+08
6.131110512321462631e+08
6.052303987860904932e+08
6.766046205229420662e+08
7.092951385034986734e+08
6.064554635511935949e+08
6.426220016855475903e+08
6.135499260426113605e+08
6.804662172080825567e+08
6.887420896305322647e+08
5.750454369568517208e+08
5.821854644668231010e+08
6.146420734642583132e+08
6.816161886514185667e+08
6.191234333396401405e+08
6.744281204034059048e+08
6.792513630947384834e+08
6.059235274406771660e+08
6.713046802604111433e+08
6.387434038416080475e+08
6.799683411549850702e+08
6.906529026756978035e+08
6.974692888065776825e+08
6.833717615460437536e+08
6.199151586328811646e+08
6.654384780810952187e+08
6.012484980324702263e+08
6.497351572760245800e+08
5.921742252923020124e+08
5.918194887254242897e+08
7.085817691053262949e+08
7.041034254290684462e+08
6.012629167502822876e+08
7.045753162878516912e+08
6.204911397949497700e+08
5.904031700135295391e+08
6.064388170992512703e+08
6.911298826499953270e+08
6.110680076491971016e+08
6.471691957519878149e+08
6.580422443572572470e+08
5.885988091362079382e+08
6.182150401422202587e+08
7.187432331455489397e+08
6.219762738336757421e+08
6.156207461018441916e+08
6.178187884695006609e+08
7.118843348305765390e+08
5.772758191117569208e+08
5.862346913099931479e+08
6.833084619071916342e+08
6.874522864710808992e+08
5.651804958637034893e+08
5.881915913582909107e+08
6.788656129553933144e+08
7.242546420565330982e+08
6.846298423389180899e+08
6.804160114279210567e+08
5.952253778590394258e+08
5.910536303431626558e+08
6.501778308033053875e+08
5.718396118936449289e+08
6.054364011025367975e+08
7.251586185855842829e+08
5.788583033208783865e+08
6.580387253594580889e+08
6.485661041925127506e+08
6.088520986325509548e+08
7.082937328301522732e+08
6.570300436360924244e+08
6.573264725948249102e+08
6.159817229225671291e+08
6.217026118514016867e+08
6.781371774026466608e+08
5.541280900802946091e+08
6.515492077764974833e+08
6.295215768091444969e+08
6.674710299076100588e+08
6.451913285232502222e+08
6.304282666924222708e+08
6.145449856759361029e+08
6.787746344191210270e+08
5.917895205700265169e+08
5.934977570108122826e+08
6.246415836357998848e+08
6.492924212710999250e+08
6.100774679375566244e+08
5.299999277455980778e+08
6.146343282689224482e+08
7.088253191813974380e+08
6.385626217919772863e+08
6.414000930964692831e+08
7.189573230549906492e+08
6.527908957067470551e+08
6.200141134932408333e+08
5.496535123604530096e+08
6.135777711851868629e+08
6.490273236409155130e+08
6.517236931419517994e+08
6.142050042203210592e+08
6.264887006000537872e+08
5.926433880868375301e+08
6.072336974228661060e+08
5.559121241913559437e+08
6.008844439717792273e+08
5.598475518504462242e+08
6.036289955868326426e+08
6.439732372386542559e+08
7.085918195024005175e+08
6.148929203080860376e+08
5.503796351364444494e+08
6.678586763869757652e+08
6.332143563129081726e+08
6.172122286257998943e+08
6.282589993910266161e+08
5.932544906706737280e+08
5.830816406551262140e+08
6.335465655957500935e+08
6.764530870264176130e+08
6.495036668988991976e+08
6.439668896538714170e+08
5.381942611795573235e+08
6.096083441419775486e+08
6.227776224878866673e+08
6.058408581279962063e+08
6.621832534400458336e+08
6.391465827637798786e+08
6.665268239744184017e+08
5.603015341764698029e+08
6.370382369696437120e+08
6.066594473596966267e+08
6.080414263680168390e+08
6.608054602491017580e+08
5.281775789908671379e+08
6.490926224259949923e+08
5.888778525614669323e+08
6.861212474133163691e+08
6.221082486540490389e+08
6.280355496547913551e+08
5.804915028541400433e+08
6.204378074289871454e+08
5.991684354516062737e+08
6.191502137188292742e+08
6.347876758947929144e+08
6.839666204017156363e+08
6.100888018677194118e+08
6.228113242418787479e+08
6.463957885577957630e+08
6.913196669124046564e+08
6.123931241478509903e+08
6.086802078567495346e+08
5.360699318250385523e+08
6.134557752982019186e+08
5.762737580134470463e+08
6.469444357527033091e+08
6.905281969850736856e+08
6.409176794106338024e+08
5.927917127053751945e+08
6.591858574696046114e+08
5.506096061100026369e+08
6.048858865856170654e+08
5.920479618804303408e+08
6.334027536675392389e+08
6.260932093585216999e+08
7.210160022573028803e+08
5.635063430048136711e+08
7.086655956720666885e+08
5.808890233668924570e+08
5.819377180494499207e+08
6.971739022223556042e+08
6.434730951654307842e+08
6.989711324750988483e+08
6.208423554054373503e+08
6.466950491076910496e+08
6.903097343702350855e+08
6.649096558887084723e+08
7.180307006094211340e+08
7.610719918421005011e+08
6.826589336863752604e+08
6.262802581848664284e+08
6.209793316231826544e+08
6.887673478539819717e+08
6.820668738889728785e+08
5.731357800224826336e+08
7.990557605407700539e+08
5.851814773846080303e+08
6.383248276513589621e+08
6.245913472118839025e+08
5.685819223776477575e+08
6.326260327599601746e+08
6.344233509476003647e+08
6.447044211458362341e+08
7.014056346732889414e+08
6.548312678739600182e+08
6.068295935002294779e+08
6.927437281831188202e+08
6.692883001790921688e+08
6.721580156406041384e+08
5.803668931588398218e+08
6.612652413257464170e+08
6.142327579117373228e+08
6.254160429711414576e+08
6.116526164329355955e+08
6.421017795690112114e+08
6.169295057910567522e+08
6.662644425592318773e+08
7.023779661534659863e+08
6.446527283458622694e+08
6.625800751118096113e+08
6.483433591934263706e+08
6.165144574545705318e+08
5.928003506704140902e+08
5.991270367421371937e+08
6.697197804605084658e+08
6.399874199168015718e+08
5.584055525608288050e+08
7.312864653366720676e+08
6.182416522256640196e+08
6.565013919502372742e+08
7.001064340647382736e+08
6.655326641503821611e+08
6.028392046662638187e+08
6.217001098035774231e+08
6.593181723822743893e+08
7.304879209517159462e+08
6.196934125091441870e+08
5.952443307996286154e+08
6.328591091774748564e+08
7.123440051580321789e+08
6.195077337795685530e+08
6.547095445199147463e+08
6.346215543621778488e+08
6.447931140344171524e+08
6.586193474569430351e+08
6.819746404170993567e+08
6.176038892097368240e+08
6.000226453746935129e+08
6.037302663310692310e+08
6.481970910123976469e+08
6.615828935639119148e+08
5.674244137491643429e+08
6.109899216896153688e+08
6.660343010580207109e+08
6.576043323359276056e+08
6.990602574953655005e+08
5.888065658828343153e+08
6.254385123029831648e+08
5.827078200804849863e+08
6.209862013434301615e+08
6.821575240430858135e+08
6.059137690537599325e+08
6.408157855514775515e+08
6.160564201649359465e+08
6.616398181270608902e+08
5.997382509155436754e+08
6.344049325385639668e+08
6.116745629074261189e+08
6.387041733411802053e+08
6.537098740130732059e+08
6.740387236421107054e+08
6.858568318311059475e+08
5.979074713796491623e+08
6.213842939592645168e+08
6.251232316351454258e+08
6.184393612734979391e+08
7.573197800219349861e+08
6.673357110601571798e+08
6.225380042226638794e+08
6.697952446770169735e+08
6.975619018951252699e+08
6.051266054944343567e+08
6.677530411144491434e+08
6.714744604750260115e+08
6.149326907160131931e+08
6.790447922683972120e+08
6.921738311233822107e+08
5.677379032877279520e+08
6.427052572522293329e+08
6.235567620998637676e+08
6.084252598676744699e+08
6.318657224019620419e+08
6.178226723006352186e+08
5.475038810378310680e+08
6.463402589073711634e+08
5.924122074981842041e+08
7.297252993789205551e+08
6.400943694549717903e+08
6.670550829448137283e+08
7.018488577056009769e+08
6.731917706253910065e+08
6.112679157354272604e+08
6.563724907390667200e+08
5.917572568844889402e+08
7.103012065581910610e+08
6.849427170583267212e+08
6.102411937985576391e+08
6.944412084103205204e+08
5.966269159657821655e+08
7.013227073695044518e+08
5.780914604695754051e+08
6.364625075698643923e+08
5.889443159426864386e+08
6.544167381847951412e+08
6.969631803445143700e+08
7.031967830028548241e+08
7.444822557468080521e+08
6.564443303199881315e+08
6.048224214250019789e+08
6.207106917712110281e+08
5.317138219194955230e+08
6.685082266031099558e+08
6.879742284979058504e+08
6.183513926785634756e+08
6.720158478917521238e+08
6.343036966094746590e+08
6.529986617874923944e+08
5.735610068721735477e+08
7.057602819575490952e+08
6.291894016749773026e+08
6.032682598773701191e+08
5.815468148703372478e+08
6.080552811210386753e+08
7.131508199363219738e+08
7.060344926728432178e+08
6.141417622685652971e+08
5.731461152100114822e+08
5.722024235004636049e+08
6.485653950476276875e+08
6.342201381628892422e+08
6.350053194620913267e+08
6.670691640046097040e+08
5.877630621299810410e+08
6.115163293007384539e+08
6.588812325641596317e+08
5.702107563801870346e+08
6.336829400339338779e+08
6.968086039953204393e+08
6.270267265722517967e+08
6.962900183222334385e+08
6.249262078787771463e+08
5.887694663915445805e+08
6.782755662602304220e+08
6.516135438085107803e+08
5.853886080707044601e+08
6.426691533288011551e+08
6.529229643798822165e+08
6.434119983324875832e+08
6.650540813226369619e+08
6.278108559408611059e+08
6.244426296956361532e+08
6.437088756681295633e+08
6.002268440017650127e+08
5.743262541932343245e+08
6.586235580197314024e+08
6.688435423237438202e+08
5.686812876138529778e+08
6.633788713652460575e+08
6.600530564909807444e+08
6.018017333823654652e+08
6.447513247922059298e+08
6.508765374992835522e+08
7.847356079969381094e+08
5.780405991932212114e+08
7.745136220816906691e+08
7.176013685029385090e+08
6.799932765809113979e+08
6.756380450288534164e+08
6.094229611610229015e+08
5.365987077119088173e+08
6.438803024225566387e+08
6.197247640453206301e+08
6.788126449317938089e+08
6.218284888469220400e+08
6.430813166335024834e+08
6.208040445660033226e+08
6.596665227202719450e+08
6.389034856865582466e+08
6.298133287528315783e+08
6.356230408383448124e+08
6.369580990200235844e+08
6.103669748778599501e+08
6.283144867429621220e+08
6.094340839449012280e+08
6.210124932434890270e+08
6.406990085086164474e+08
6.781329966656458378e+08
6.301082178945534229e+08
6.188381566021803617e+08
6.575863966133803129e+08
6.644780885274715424e+08
6.128496981603311300e+08
6.352679738262834549e+08
6.643754667613193989e+08
6.724276584435572624e+08
6.277655304367004633e+08
6.056882350077273846e+08
6.880354296194915771e+08
6.695298012558088303e+08
6.134777259987440109e+08
6.440735735147174597e+08
6.241750244109420776e+08
6.320509162201256752e+08
6.661009478247632980e+08
6.545030731392323971e+08
6.279527061429888010e+08
6.454986686350266933e+08
5.969132062888479233e+08
7.283549825938470364e+08
6.302100033020945787e+08
6.547821283625887632e+08
6.274478685432865620e+08
5.662136893995246887e+08
6.582001192101626396e+08
6.108662686131353378e+08
6.124273884810692072e+08
5.859268161742414236e+08
7.056311050220627785e+08
7.014858542238309383e+08
5.741019935353115797e+08
6.265173027303674221e+08
6.009753262044025660e+08
6.487466756384555101e+08
6.275255103772935867e+08
6.733859482908943892e+08
6.399303808392676115e+08
6.491314892458220720e+08
6.237662717285399437e+08
7.026224305839452744e+08
6.704270277807608843e+08
5.726020577117637396e+08
6.646722166602131128e+08
6.382956027777394056e+08
5.820349263298474550e+08
6.216274470848625898e+08
6.343753281539645195e+08
6.195802707917126417e+08
5.950524659320765734e+08
6.626844489551051855e+08
6.578948442146068811e+08
6.623935739824240208e+08
6.752643560914347172e+08
5.798338309182730913e+08
6.369250119079554081e+08
5.849457329704018831e+08
5.906900402543983459e+08
6.262411546171268225e+08
6.079926925643730164e+08
5.953800751401786804e+08
7.033581615413166285e+08
6.546291343710789680e+08
6.709237934351042509e+08
6.014415339021612406e+08
6.251677682487243414e+08
6.776409808414928913e+08
6.704603569090548754e+08
5.576861975534441471e+08
6.277770492830568552e+08
5.845872113504222631e+08
6.471751252162913084e+08
6.312098312625104189e+08
7.071414029812316895e+08
6.118821018415527344e+08
5.853737095570935011e+08
6.466788386592266560e+08
6.175216449093781710e+08
6.645376515404143333e+08
6.515754858231337070e+08
6.686291486938210726e+08
5.936815112677555084e+08
5.897677732376563549e+08
6.431770310464727879e+08
6.051907252243264914e+08
6.687676821503971815e+08
6.065428791228696108e+08
5.817474499522751570e+08
6.149837645642993450e+08
6.426080549908972979e+08
6.038968868575061560e+08
6.376018161305668354e+08
6.600151090071347952e+08
5.997459321165915728e+08
5.697728865877069235e+08
6.305216050639268160e+08
6.534545487908027172e+08
6.634436127669928074e+08
6.267778360111176968e+08
5.808247685223931074e+08
6.686922334852871895e+08
7.480722228394986391e+08
6.324085566781642437e+08
6.319104535003556013e+08
6.009448060607666969e+08
6.801662819154715538e+08
6.018880172177782059e+08
6.286021605299633741e+08
6.431364203717570305e+08
7.074399507789270878e+08
5.730999888324807882e+08
6.135344681987794638e+08
5.815507882164140940e+08
6.687879618922770023e+08
6.050138990186408758e+08
6.272039800317957401e+08
5.891808734381004572e+08
5.710092666850816011e+08
6.111457049556487799e+08
6.163032418608891964e+08
6.140382123929529190e+08
7.197483361749869585e+08
6.115992610313317776e+08
6.388599674421131611e+08
6.020116717913463116e+08
5.882141294853943586e+08
6.803627083712511063e+08
5.725755619844684601e+08
6.319091640930904150e+08
6.744620580434515476e+08
6.092968535404361486e+08
5.898357856697300673e+08
6.325057457999523878e+08
7.337203279713674784e+08
6.869331555664356947e+08
6.837678702288781404e+08
6.779616137145764828e+08
6.956188475179197788e+08
6.218708727144590616e+08
5.506410475328453779e+08
7.075302348901708126e+08
6.328512806867567301e+08
6.359508325196515322e+08
6.267713111786270142e+08
6.144881840942007303e+08
6.978787114375523329e+08
5.630620106554682255e+08
6.513307297096217871e+08
6.888047053629040718e+08
6.390105432004135847e+08
6.252519423874237537e+08
5.945492219607826471e+08
6.887757612556917667e+08
7.091364658281322718e+08
6.913918031010295153e+08
6.680635201920955181e+08
6.298761435742897987e+08
6.234019751136485338e+08
6.742742360613542795e+08
7.450961929865666628e+08
6.863404675827255249e+08
5.938846875444561243e+08
6.685060600504393578e+08
6.931971365947563648e+08
6.352258335162403584e+08
6.014462151958061457e+08
6.324808414233121872e+08
6.424183071149630547e+08
6.456987060126800537e+08
6.228699252647656202e+08
6.269418295313284397e+08
6.219877922426710129e+08
6.831655912110446692e+08
6.325967649591743946e+08
6.161967407125403881e+08
6.566558674424921274e+08
5.864719396754393578e+08
6.451410614572849274e+08
5.667861447574149370e+08
6.832298263640773296e+08
6.383635315173223019e+08
6.250166016474667788e+08
6.781511684634722471e+08
6.686025343430852890e+08
6.168464818465378284e+08
6.696004474115978479e+08
5.945914097865787745e+08
6.306423984932558537e+08
6.007897049211763144e+08
5.934585604963064194e+08
6.395705828354747295e+08
5.900218344944839478e+08
6.485238341305525303e+08
5.511823216449333429e+08
5.769119439237780571e+08
6.713737146228470802e+08
6.637267219323518276e+08
6.902024094760531187e+08
6.150078174556846619e+08
6.593689152261896133e+08
6.371802014204531908e+08
6.563876139747617245e+08
6.358368248385443687e+08
6.497559423329726458e+08
5.588420967267422676e+08
6.730885735383473635e+08
5.769739909931247234e+08
6.578808130000929832e+08
6.408911312296503782e+08
6.883431896293127537e+08
5.966595283620816469e+08
6.593075979934018850e+08
6.452804742436209917e+08
7.013225441386750937e+08
5.859730509905852079e+08
5.844453111555142403e+08
6.345220148282862902e+08
6.571917351088179350e+08
6.060678953703908920e+08
6.349044683823662996e+08
6.244732833892362118e+08
5.793072114512913227e+08
6.837262075885225534e+08
6.351949678681694269e+08
6.410305529661139250e+08
5.711678531137990952e+08
6.019419200215204954e+08
6.854517444486196041e+08
6.592333803413174152e+08
6.865949177841618061e+08
6.398570536152538061e+08
6.164605983528416157e+08
7.285665816236622334e+08
6.378537733357363939e+08
5.459827641001255512e+08
5.820563603996289968e+08
5.691689066235990524e+08
5.822175608565968275e+08
6.629020484178864956e+08
5.781912492841938734e+08
6.290554247627370358e+08
6.240488541528644562e+08
6.595639808434116840e+08
6.658886921869647503e+08
5.288011736631274223e+08
6.250827637546287775e+08
7.062644538683650494e+08
6.712414675271089077e+08
6.220633637934430838e+08
6.450972959016965628e+08
6.023096972813777924e+08
5.558547609470719099e+08
6.798126249516220093e+08
6.859152774780826569e+08
6.117179418986982107e+08
6.087512642407525778e+08
7.195623022643761635e+08
5.623448653052231073e+08
6.455499239298437834e+08
6.771435663917682171e+08
6.223715428838404417e+08
6.806986006598808765e+08
5.558402407193167210e+08
6.102806759600009918e+08
6.122252916707050800e+08
5.415514805346283913e+08
6.307791864494205713e+08
6.274072682817176580e+08
6.564456457856795788e+08
6.083933856610800028e+08
5.966523632235995531e+08
5.821741484674688578e+08
5.503898537301825285e+08
5.458970772564398050e+08
6.720427694341689348e+08
6.309181169929257631e+08
6.446433223737351894e+08
6.475287537554841042e+08
5.751914792287868261e+08
6.721915225834783316e+08
6.622772590895680189e+08
6.241126287541751862e+08
7.027421150186465979e+08
6.481272876831037998e+08
7.756006618295488358e+08
5.548098318942922354e+08
6.857388602247354984e+08
6.580615305428640842e+08
6.094215469892131090e+08
6.487995437544299364e+08
6.753984258324588537e+08
6.508018522718163729e+08
6.653124773580225706e+08
7.371581585965770483e+08
6.471880373493075371e+08
6.650834105336169004e+08
6.493686934725643396e+08
5.667909765317100286e+08
6.365545780334351063e+08
6.022294124863451719e+08
6.020657484754351377e+08
6.713380292445720434e+08
6.907079762553275824e+08
6.355731928122943640e+08
6.151734456408262253e+08
6.674488553525214195e+08
5.848401784975855350e+08
6.516574610592156649e+08
6.484635343313729763e+08
6.645394672129236460e+08
6.957849530237668753e+08
5.984121113307306767e+08
6.294876478905937672e+08
7.030073292688674927e+08
6.832327584731321335e+08
6.251989598598769903e+08
6.675167154730827808e+08
6.788717932677913904e+08
6.792413736366599798e+08
6.116955887881984711e+08
6.202335051431952715e+08
5.774518688463993073e+08
6.505852937640838623e+08
5.726951853766055107e+08
6.654883288804177046e+08
6.375247997314434052e+08
6.008038167793962955e+08
6.004303507335035801e+08
6.353431542138180733e+08
6.253663313631956577e+08
6.140346111522278786e+08
6.231175929700738192e+08
5.600814588201681376e+08
5.956369720677964687e+08
7.208640982957639694e+08
5.479376967064102888e+08
6.731822902579791546e+08
6.479115772577837706e+08
6.673183850802522898e+08
5.757892939751977921e+08
6.524793580808990002e+08
6.241357097824387550e+08
5.216492951709623933e+08
6.056752338209555149e+08
6.729712241157746315e+08
5.498846249672663212e+08
6.201083081323597431e+08
6.639139927352808714e+08
6.801633439763273001e+08
7.320042428124309778e+08
6.439282687261321545e+08
6.176466748769947290e+08
6.887804572970335484e+08
6.987438576067513227e+08
5.935443303887701035e+08
6.704143280068010092e+08
6.879128951978915930e+08
7.185473276058723927e+08
6.370244710347331762e+08
5.921027453339276314e+08
6.677285120514246225e+08
6.172699739189009666e+08
6.722349995707522631e+08
6.132973514464015961e+08
6.334204274769951105e+08
5.979233475112469196e+08
6.117547336222933531e+08
6.595504978622007370e+08
7.191652733445850611e+08
6.611989922601703405e+08
6.048532046511651278e+08
6.922256991360495090e+08
5.655355825862057209e+08
6.871715389336575270e+08
