6.222818600510489517e+00
5.445978051412873810e+01
2.339634258317359539e+01
2.429233516611896704e+01
3.755413294481420508e+02
6.547865689225734798e+01
1.144024845810462523e+02
4.342016171816758252e+00
3.091328935263363675e+01
1.131794716115330175e+02
5.282933189086735482e+00
6.204631211565538251e+01
6.452563122937364426e+01
4.771894015592000926e+01
7.897063981933301591e+01
1.332347257692746325e+02
5.211077468564335646e+01
3.566925187541318820e+01
9.141867321122136048e+01
3.469450251888574712e+02
4.968633116245573689e+01
1.903506875518625634e+02
1.275922238670284869e+01
1.242419705953889491e+02
8.267941347611410663e+01
7.523305041567357243e+00
6.072406325429457752e+01
7.849763354338072929e+01
1.944686796298316835e+02
2.852696512149433516e+01
4.834183291369057542e+02
2.747304833580376382e+01
1.321750867217251937e+02
1.144696558524619263e+02
2.068754088413366844e+03
6.840111095645101159e+04
1.451025266808644847e+04
3.840038621096661700e+03
2.392008767156466547e+03
2.089741804778968799e+03
1.043694215873776784e+03
1.232695611264985700e+03
3.884342830251500231e+02
6.808052858599921819e+02
1.239710221924771304e+03
1.817144141699877991e+03
2.491535032088318530e+03
1.827305440437731704e+03
4.036826873980418441e+03
5.840998943131266969e+03
2.914798628332610406e+03
1.460005280208248905e+03
3.704220776016495165e+03
6.029167610331054675e+03
9.200782824011342018e+04
7.435137121995271882e+05
7.596521637845296027e+03
2.486143625134592980e+02
0.000000000000000000e+00
0.000000000000000000e+00
0.000000000000000000e+00
0.000000000000000000e+00
0.000000000000000000e+00
0.000000000000000000e+00
0.000000000000000000e+00
0.000000000000000000e+00
0.000000000000000000e+00
0.000000000000000000e+00
0.000000000000000000e+00
0.000000000000000000e+00
0.000000000000000000e+00
0.000000000000000000e+00
0.000000000000000000e+00
0.000000000000000000e+00
0.000000000000000000e+00
0.000000000000000000e+00
0.000000000000000000e+00
0.000000000000000000e+00
0.000000000000000000e+00
0.000000000000000000e+00
0.000000000000000000e+00
0.000000000000000000e+00
0.000000000000000000e+00
0.000000000000000000e+00
0.000000000000000000e+00
0.000000000000000000e+00
0.000000000000000000e+00
0.000000000000000000e+00
0.000000000000000000e+00
0.000000000000000000e+00
0.000000000000000000e+00
0.000000000000000000e+00
0.000000000000000000e+00
0.000000000000000000e+00
0.000000000000000000e+00
0.000000000000000000e+00
0.000000000000000000e+00
0.000000000000000000e+00
0.000000000000000000e+00
0.000000000000000000e+00
0.000000000000000000e+00
0.000000000000000000e+00
0.000000000000000000e+00
0.000000000000000000e+00
0.000000000000000000e+00
0.000000000000000000e+00
0.000000000000000000e+00
0.000000000000000000e+00
0.000000000000000000e+00
0.000000000000000000e+00
0.000000000000000000e+00
0.000000000000000000e+00
0.000000000000000000e+00
0.000000000000000000e+00
0.000000000000000000e+00
0.000000000000000000e+00
0.000000000000000000e+00
0.000000000000000000e+00
0.000000000000000000e+00
0.000000000000000000e+00
